9.919123839740719940e-10,1.528500436244893331e-104,3.320744659364655821e-133,6.159677950061493865e-69,9.999999990080876699e-01
1.000000000000000000e+00,2.976632497355041438e-65,2.214495600839712756e-44,7.946127275344536658e-71,1.392479430488181390e-44
0.000000000000000000e+00,1.000000000000000000e+00,2.408693793487925758e-46,0.000000000000000000e+00,0.000000000000000000e+00
2.993434829351008018e-46,4.365503027685461594e-55,1.000000000000000000e+00,1.663293606754527891e-25,0.000000000000000000e+00
6.987766856507435744e-37,7.251523809824340497e-71,5.418895589366053066e-20,1.000000000000000000e+00,1.145391337865495134e-67
