7.537910678290031172e-100,6.292315010276659805e-298,4.604280100490639094e-290,1.000000000000000000e+00,1.727700276663399041e-238
2.002395191037376237e-61,1.000000000000000000e+00,7.912358663590977426e-259,1.106597848185104836e-184,1.836322777600542033e-39
3.211223323518902336e-197,0.000000000000000000e+00,9.999999999999995559e-01,3.105107864656889309e-37,3.339083307499661098e-16
0.000000000000000000e+00,7.745701980353835127e-306,8.691603717225648986e-212,8.775645226746381891e-177,1.000000000000000000e+00
1.000000000000000000e+00,1.222165320535665982e-103,0.000000000000000000e+00,1.788529438238003590e-29,0.000000000000000000e+00
