1.020740881968083905e-12,4.769250325334216755e-264,3.686214509700596553e-282,9.999999999989235278e-01,5.571300529612786847e-14
1.268151865226564468e-261,2.991369236456898619e-277,1.000000000000000000e+00,6.515768869072764671e-246,7.922288292542937565e-247
2.136687712582357428e-141,0.000000000000000000e+00,3.395031032047704611e-266,5.083415594456962112e-11,9.999999999491659963e-01
9.999999998991402350e-01,2.252494685954827120e-318,4.983322647180252175e-295,1.008599561258575739e-10,1.212307835022696789e-167
8.216162977781438686e-238,1.000000000000000000e+00,0.000000000000000000e+00,2.843413742947481264e-239,3.762801332748221362e-246
