0.000000000000000000e+00,1.407853828376095323e-139,1.874177878002938816e-301,5.214692931829683895e-282,1.000000000000000000e+00
8.211874592811231837e-181,1.276115152915496182e-10,2.330721745243075503e-43,9.999999998723887451e-01,0.000000000000000000e+00
0.000000000000000000e+00,2.013695727883202095e-51,1.000000000000000000e+00,4.030488972374585640e-250,1.837700763478373674e-228
5.487347142765729553e-202,1.000000000000000000e+00,5.973825823896301530e-298,1.704419464608357774e-28,7.452319646115449695e-143
1.000000000000000000e+00,3.179209182811765812e-159,2.437465485917028108e-216,6.458271838588526703e-137,0.000000000000000000e+00
