1.000000000000000000e+00,1.046707370168454980e-27,9.736625787041761894e-43,0.000000000000000000e+00,4.452435923389868252e-57
1.203168615953035243e-265,7.079587821580120036e-172,1.000000000000000000e+00,1.552813723799285929e-50,1.042310147642166336e-16
1.164376552752313807e-276,2.626029905132669791e-38,2.200298160025831704e-22,1.143948207375552738e-31,1.000000000000000000e+00
0.000000000000000000e+00,0.000000000000000000e+00,0.000000000000000000e+00,9.999999992712469421e-01,7.287533124620876370e-10
3.647396004610132434e-11,9.999999999635260650e-01,8.613101062244059669e-154,0.000000000000000000e+00,1.048438131202845949e-155
